Fecha,Casos,Casos_Acum,Muertes,Muertes_Acum,Recuperados,Recuperados_Acum
2020-03-10,0,0,0,0,0,0
2020-03-11,0,0,0,0,0,0
2020-03-12,0,0,0,0,0,0
2020-03-13,0,0,0,0,0,0
2020-03-14,0,0,0,0,0,0
2020-03-15,0,0,0,0,0,0
2020-03-16,0,0,0,0,0,0
2020-03-17,0,0,0,0,0,0
2020-03-18,0,0,0,0,0,0
2020-03-19,0,0,0,0,0,0
2020-03-20,0,0,0,0,0,0
2020-03-21,0,0,0,0,0,0
2020-03-22,0,0,0,0,0,0
2020-03-23,0,0,0,0,0,0
2020-03-24,0,0,0,0,0,0
2020-03-25,0,0,0,0,0,0
2020-03-26,1,1,0,0,0,0
2020-03-27,0,1,0,0,0,0
2020-03-28,2,3,0,0,0,0
2020-03-29,0,3,0,0,0,0
2020-03-30,0,3,0,0,0,0
2020-03-31,1,4,0,0,0,0
2020-04-01,0,4,0,0,0,0
2020-04-02,1,5,0,0,0,0
2020-04-03,0,5,0,0,0,0
2020-04-04,0,5,0,0,0,0
2020-04-05,0,5,0,0,0,0
2020-04-06,3,8,0,0,0,0
2020-04-07,2,10,1,1,0,0
2020-04-08,3,13,0,1,0,0
2020-04-09,0,13,0,1,0,0
2020-04-10,0,13,0,1,0,0
2020-04-11,2,15,0,1,0,0
2020-04-12,0,15,0,1,0,0
2020-04-13,0,15,0,1,0,0
2020-04-14,0,15,0,1,0,0
2020-04-15,0,15,0,1,0,0
2020-04-16,1,16,0,1,0,0
2020-04-17,2,18,0,1,0,0
2020-04-18,0,18,0,1,0,0
2020-04-19,1,19,0,1,0,0
2020-04-20,0,19,0,1,0,0
2020-04-21,0,19,0,1,0,0
2020-04-22,2,21,0,1,0,0
2020-04-23,0,21,0,1,0,0
2020-04-24,0,21,0,1,0,0
2020-04-25,5,26,0,1,0,0
2020-04-26,0,26,0,1,0,0
2020-04-27,0,26,0,1,2,2
2020-04-28,0,26,0,1,0,2
2020-04-29,0,26,0,1,0,2
2020-04-30,0,26,0,1,0,0
2020-05-01,0,26,0,1,0,2
2020-05-02,0,26,0,1,0,2
2020-05-03,0,26,0,1,0,2
2020-05-04,7,33,0,1,0,2
2020-05-05,2,35,0,1,4,6
2020-05-06,0,35,0,1,0,6
2020-05-07,0,35,0,1,0,6
2020-05-08,0,35,0,1,0,6
2020-05-09,0,35,0,1,0,6
2020-05-10,0,35,1,2,1,7
2020-05-11,1,36,0,2,0,7
2020-05-12,0,36,0,1,0,7
2020-05-13,0,36,0,1,0,7
2020-05-14,0,36,0,1,0,7
2020-05-15,0,36,0,1,0,7
2020-05-16,0,36,0,1,4,11
2020-05-17,2,38,0,1,0,11
2020-05-18,1,39,0,1,0,11
2020-05-19,0,39,0,1,0,11
2020-05-20,1,40,0,1,0,11
2020-05-21,1,41,0,1,0,11
2020-05-22,0,41,0,1,0,11
2020-05-23,0,41,0,1,0,11
2020-05-24,1,42,0,1,6,17
2020-05-25,2,44,0,1,3,20
2020-05-26,0,44,0,1,0,20
2020-05-27,0,44,0,1,0,20
2020-05-28,2,46,0,1,0,20
2020-05-29,2,48,0,1,0,20
2020-05-30,0,48,0,1,8,28
2020-05-31,20,68,0,1,0,28
2020-06-01,2,70,0,1,0,28
2020-06-02,23,93,0,1,0,28
2020-06-03,5,98,2,3,0,28
2020-06-04,21,119,0,3,0,28
2020-06-05,28,147,0,3,3,31
2020-06-06,24,171,0,3,0,31
2020-06-07,12,183,0,3,0,31
2020-06-08,5,188,0,3,0,31
2020-06-09,12,200,1,4,0,31
2020-06-10,5,205,2,6,0,31
2020-06-11,63,268,1,7,0,31
2020-06-12,6,274,1,8,0,31
2020-06-13,21,295,0,8,3,34
2020-06-14,36,331,0,8,0,34
2020-06-15,12,343,0,8,1,35
2020-06-16,18,361,1,9,0,35
2020-06-17,17,378,0,9,0,35
2020-06-18,14,392,0,9,0,35
2020-06-19,15,407,1,10,0,35
2020-06-20,17,424,3,13,0,35
2020-06-21,4,428,0,13,0,35
2020-06-22,118,546,0,13,0,35
2020-06-23,14,560,2,15,0,35
2020-06-24,16,576,0,15,5,40
2020-06-25,12,588,2,17,0,40
2020-06-26,1,589,0,17,0,40
2020-06-27,14,603,0,17,0,40
2020-06-28,38,641,2,19,10,50
2020-06-29,23,664,0,19,0,50
2020-06-30,10,674,0,19,1,51
2020-07-01,15,689,1,20,0,51
2020-07-02,31,720,2,22,0,51
2020-07-03,8,728,1,23,1,52
2020-07-04,30,758,1,24,0,52
2020-07-05,3,761,1,25,0,52
2020-07-06,21,782,0,25,1,53
2020-07-07,19,801,0,25,17,70
2020-07-08,30,831,0,25,4,74
2020-07-09,13,844,4,29,1,75
2020-07-10,3,847,2,31,5,80
2020-07-11,11,858,0,31,2,82
2020-07-12,37,895,2,33,0,82
2020-07-13,24,919,0,33,0,82
2020-07-14,50,969,0,33,0,82
2020-07-15,31,1000,0,33,0,82
2020-07-16,60,1060,1,34,0,82
2020-07-17,26,1086,1,35,17,99
2020-07-18,11,1097,0,35,2,101
2020-07-19,75,1172,2,37,2,103
2020-07-20,16,1188,2,39,0,103
2020-07-21,0,1188,0,39,84,187
2020-07-22,61,1249,0,39,0,187
2020-07-23,17,1266,10,49,5,192
2020-07-24,119,1385,0,49,0,192
2020-07-25,5,1390,0,49,0,192
2020-07-26,46,1436,2,51,4,196
2020-07-27,7,1443,1,52,26,222
2020-07-28,15,1458,1,53,0,222
2020-07-29,6,1464,5,58,13,235
2020-07-30,6,1470,1,59,5,240
2020-07-31,16,1486,13,72,37,277
2020-08-01,34,1520,3,75,0,277
2020-08-02,56,1576,9,84,1,278
2020-08-03,51,1627,8,92,3,281
2020-08-04,43,1670,3,95,15,296
2020-08-05,77,1747,1,96,68,364
2020-08-06,13,1760,2,98,0,364
2020-08-07,32,1792,0,98,6,370
2020-08-08,28,1820,5,103,17,387
2020-08-09,40,1860,4,107,6,393
2020-08-10,81,1941,13,120,34,427
2020-08-11,291,2232,4,124,5,432
2020-08-12,120,2352,1,125,3,435
2020-08-13,256,2608,6,131,12,447
2020-08-14,235,2843,6,137,25,472
2020-08-15,194,3037,5,142,0,472
2020-08-16,116,3153,3,145,2,474
2020-08-17,138,3291,14,159,1,475
2020-08-18,861,4152,4,163,91,566
2020-08-19,268,4420,5,168,10,576
2020-08-20,118,4538,7,175,33,609
2020-08-21,98,4636,0,175,10,619
2020-08-22,100,4736,3,178,4,623
2020-08-23,35,4771,1,179,4,627
2020-08-24,61,4832,4,183,16,643
2020-08-25,112,4944,6,189,6,649
2020-08-26,194,5138,1,190,7,656
2020-08-27,114,5252,1,191,36,692
2020-08-28,165,5417,3,194,143,835
2020-08-29,55,5472,1,195,46,881
2020-08-30,0,5472,0,195,0,881
2020-08-31,67,5539,3,198,17,898
2020-09-01,116,5655,1,199,4,902
2020-09-02,105,5760,1,200,100,1002
2020-09-03,101,5861,0,200,95,1097
2020-09-04,178,6039,1,201,118,1215
2020-09-05,68,6107,0,201,63,1278
2020-09-06,108,6215,0,201,53,1331
2020-09-07,174,6389,6,207,9,1340
2020-09-08,172,6561,4,211,38,1378
2020-09-09,183,6744,7,218,37,1415
2020-09-10,189,6933,0,218,30,1445
2020-09-11,233,7166,2,220,119,1564
2020-09-12,89,7255,2,222,0,1564
2020-09-13,39,7294,0,222,2,1566
2020-09-14,93,7387,2,224,20,1586
2020-09-15,82,7469,1,225,106,1692
2020-09-16,50,7519,1,226,51,1743
2020-09-17,21,7540,0,226,63,1806
2020-09-18,113,7653,1,227,92,1898
2020-09-19,13,7666,0,227,18,1916
2020-09-20,16,7682,0,227,18,1934
2020-09-21,54,7736,0,227,33,1967
2020-09-22,54,7790,6,233,11,1978
2020-09-23,135,7925,5,238,230,2208
2020-09-24,63,7988,1,239,28,2236
2020-09-25,67,8055,0,239,43,2279
2020-09-26,82,8137,0,239,25,2304
2020-09-27,11,8148,1,240,1,2305
2020-09-28,40,8188,5,245,37,2342
2020-09-29,40,8228,0,245,31,2373
2020-09-30,70,8298,0,245,137,2510
2020-10-01,24,8322,1,246,70,2580
2020-10-02,67,8389,2,248,87,2667
2020-10-03,75,8464,0,248,13,2680
2020-10-04,55,8519,1,249,65,2745
2020-10-05,25,8544,1,250,5,2750
2020-10-06,56,8600,0,250,2,2752
2020-10-07,41,8641,2,252,39,2791
2020-10-08,35,8676,1,253,62,2853
2020-10-09,39,8715,0,253,53,2906
2020-10-10,30,8745,0,253,67,2973
2020-10-11,15,8760,0,253,27,3000
2020-10-12,19,8779,0,253,28,3028
2020-10-13,41,8820,0,253,145,3173
2020-10-14,34,8854,0,253,121,3294
2020-10-15,15,8869,2,255,139,3433
2020-10-16,23,8892,0,255,35,3468
2020-10-17,13,8905,0,255,13,3481
2020-10-18,3,8908,0,255,7,3488
2020-10-19,20,8928,0,255,97,3585
2020-10-20,19,8947,0,255,17,3602
2020-10-21,11,8958,0,255,16,3618
2020-10-22,19,8977,3,258,82,3700
2020-10-23,25,9002,0,258,66,3766
2020-10-24,21,9023,0,258,17,3783
2020-10-25,2,9025,0,258,7,3790
2020-10-26,20,9045,0,258,61,3851
2020-10-27,21,9066,0,258,41,3892
2020-10-28,10,9076,0,258,31,3923
2020-10-29,10,9086,0,258,104,4027
2020-10-30,6,9092,0,258,87,4114
2020-10-31,13,9105,0,258,21,4135
2020-11-01,0,9105,0,258,1,4136
2020-11-02,7,9112,2,260,0,4136
2020-11-03,12,9124,0,260,23,4159
2020-11-04,10,9134,0,260,17,4176
2020-11-05,8,9142,0,260,26,4202
2020-11-06,15,9157,1,261,72,4274
2020-11-07,6,9163,0,261,16,4290
2020-11-08,4,9167,0,261,0,4290
2020-11-09,7,9174,0,261,60,4350
2020-11-10,4,9178,0,261,22,4372
2020-11-11,20,9198,2,263,78,4450
2020-11-12,22,9220,0,263,73,4523
2020-11-13,22,9242,0,263,137,4660
2020-11-14,17,9259,0,263,74,4734
2020-11-15,0,9259,0,263,83,4743
2020-11-16,13,9272,3,266,31,4774
2020-11-17,2,9274,0,266,26,4800
2020-11-18,22,9296,1,267,104,4904
2020-11-19,43,9339,0,267,109,5013
2020-11-20,3,9342,0,267,50,5063
2020-11-21,5,9347,0,267,0,5063
2020-11-22,13,9360,0,267,0,5063
2020-11-23,1,9361,0,267,7,5070
2020-11-24,15,9376,0,267,26,5096
2020-11-25,23,9399,0,267,21,5117
2020-11-26,14,9413,1,268,202,5319
2020-11-27,12,9425,0,268,13,5332
2020-11-28,1,9426,0,268,3,5335
2020-11-29,4,9430,0,268,25,5360
2020-11-30,5,9435,0,268,15,5375
2020-12-01,2,9437,0,268,295,5670
2020-12-02,33,9470,2,270,30,5700
2020-12-03,12,9482,0,270,34,5734
2020-12-04,11,9493,0,270,64,5798
2020-12-05,28,9521,0,270,2,5800
2020-12-06,6,9527,0,270,0,5800
2020-12-07,14,9541,0,270,17,5817
2020-12-08,27,9568,0,270,54,5871
2020-12-09,17,9585,0,270,71,5942
2020-12-10,17,9602,1,271,0,5942
2020-12-11,4,9606,0,271,5,5947
2020-12-12,26,9632,0,271,99,6046
2020-12-13,9,9641,0,271,14,6060
2020-12-14,7,9648,0,271,87,6147
2020-12-15,4,9652,0,271,91,6238
2020-12-16,26,9678,0,271,68,6306
2020-12-17,12,9690,0,271,50,6356
2020-12-18,15,9705,0,271,163,6519
2020-12-19,18,9723,0,271,0,6601
2020-12-20,0,9723,1,272,38,6639
2020-12-21,5,9728,1,273,101,6740
2020-12-22,9,9737,1,274,88,6828
2020-12-23,11,9748,0,274,128,6956
2020-12-24,20,9768,0,274,101,7057
2020-12-25,33,9801,0,274,0,7057
2020-12-26,20,9821,0,274,94,7151
2020-12-27,0,9821,1,275,35,7186
2020-12-28,7,9828,0,275,61,7247
2020-12-29,23,9851,3,278,64,7311
2020-12-30,27,9878,0,278,98,7409
2020-12-31,44,9922,0,278,117,7526
2021-01-01,12,9934,0,278,51,7577
2021-01-02,1,9935,0,278,6,7583
2021-01-03,11,9946,0,278,78,7661
2021-01-04,35,9981,0,278,48,7709
2021-01-05,33,10014,1,279,93,7802
2021-01-06,66,10080,0,279,21,7823
2021-01-07,48,10128,0,279,0,7823
2021-01-08,19,10147,1,280,69,7892
2021-01-09,44,10191,1,281,59,7951
2021-01-10,28,10219,0,281,43,7994
2021-01-11,56,10275,2,283,55,8049
2021-01-12,29,10304,1,284,10,8059
2021-01-13,40,10344,1,285,25,8084
2021-01-14,126,10470,1,286,35,8119
2021-01-15,93,10563,0,286,44,8163
2021-01-16,74,10637,0,286,67,8230
2021-01-17,117,10754,3,289,59,8289
2021-01-18,35,10789,1,290,39,8328
2021-01-19,39,10828,2,292,64,8392
2021-01-20,196,11024,0,292,52,8444
2021-01-21,112,11136,6,298,59,8503
2021-01-22,119,11255,4,302,56,8559
2021-01-23,70,11325,4,306,75,8634
2021-01-24,49,11374,0,306,51,8685
2021-01-25,90,11464,3,309,117,8802
2021-01-26,46,11510,1,310,55,8857
2021-01-27,44,11554,3,313,42,8899
2021-01-28,85,11639,2,315,62,8961
2021-01-29,107,11746,2,317,59,9020
2021-01-30,74,11820,1,318,37,9057
2021-01-31,75,11895,2,320,36,9093
2021-02-01,49,11944,3,323,52,9145
2021-02-02,102,12046,9,332,66,9211
2021-02-03,126,12172,2,334,28,9239
2021-02-04,166,12338,4,338,59,9298
2021-02-05,107,12445,0,338,38,9336
2021-02-06,60,12505,0,338,25,9361
2021-02-07,108,12613,0,338,48,9409
2021-02-08,71,12684,3,341,66,9475
2021-02-09,88,12772,4,345,36,9511
2021-02-10,125,12897,3,348,59,9570
2021-02-11,0,12897,0,348,0,9570
2021-02-12,139,13036,12,360,209,9779
2021-02-13,69,13105,0,360,43,9822
2021-02-14,47,13152,0,360,56,9878
2021-02-15,23,13175,0,360,44,9922
2021-02-16,14,13189,0,360,23,9945
2021-02-17,7,13196,1,361,24,9969
2021-02-18,27,13223,1,362,33,10002
2021-02-19,73,13296,0,362,59,10061
2021-02-20,42,13338,2,364,67,10128
2021-02-21,41,13379,0,364,17,10145
2021-02-22,61,13440,5,369,78,10223
2021-02-23,55,13495,4,373,41,10264
2021-02-24,48,13543,1,374,71,10335
2021-02-25,63,13606,1,375,68,10403
2021-02-26,46,13652,3,378,96,10499
2021-02-27,21,13673,4,382,25,10524
2021-02-28,19,13692,3,385,61,10585
2021-03-01,43,13735,1,386,50,10635
2021-03-02,24,13759,12,398,63,10698
2021-03-03,28,13787,7,405,37,10735
2021-03-04,34,13821,3,408,28,10763
2021-03-05,52,13873,1,409,43,10806
2021-03-06,18,13891,2,411,24,10830
2021-03-07,32,13923,3,414,24,10854
2021-03-08,10,13933,3,417,21,10875
2021-03-09,33,13966,0,417,23,10898
2021-03-10,23,13989,4,421,35,10933
2021-03-11,25,14014,1,422,79,11012
2021-03-12,29,14043,2,424,91,11103
2021-03-13,29,14072,1,425,65,11168
2021-03-14,22,14094,0,425,84,11252
2021-03-15,35,14129,3,428,28,11280
2021-03-16,42,14171,0,428,24,11304
2021-03-17,23,14194,0,428,55,11359
2021-03-18,55,14249,0,428,87,11446
2021-03-19,59,14308,0,428,35,11481
2021-03-20,8,14316,0,428,47,11528
2021-03-21,12,14328,0,428,33,11561
2021-03-22,13,14341,2,430,19,11580
2021-03-23,29,14370,0,430,33,11613
2021-03-24,14,14384,0,430,243,11856
2021-03-25,18,14402,3,433,96,11952
2021-03-26,8,14410,0,433,36,11988
2021-03-27,4,14414,0,433,20,12008
2021-03-28,16,14430,2,435,31,12039
2021-03-29,7,14437,2,437,78,12117
2021-03-30,12,14449,0,437,35,12152
2021-03-31,9,14458,0,437,33,12185
2021-04-01,18,14476,0,437,46,12231
2021-04-02,9,14485,1,438,19,12250
2021-04-03,0,14485,2,440,66,12316
2021-04-04,29,14514,0,440,22,12338
2021-04-05,12,14526,0,440,34,12372
2021-04-06,22,14548,2,442,137,12509
2021-04-07,8,14556,0,442,104,12613
2021-04-08,43,14599,2,444,157,12770
2021-04-09,23,14622,1,445,76,12846
2021-04-10,31,14653,0,445,38,12884
2021-04-11,4,14657,0,445,66,12950